0.8651755326412308
0.16009451933336694
0.7006180002146188
0.3325683565574791
0.1409365942447277
0.36709583252588474
0.053409541178063735
0.9663227687425596
0.3810096305283176
0.645218778182803
0.9091203069603194
0.3165368518859474
0.6616510786347065
0.3191960897402726
0.5312391661441416
0.8803771957146742
0.09795964393241607
0.04658862830934729
0.09798947836987315
0.33487616705192247
0.4189568319506579
0.0952522118004685
0.33886140905872286
0.5824733307333886
0.5226949111827982
0.39328919143764574
0.8430809146932159
0.5086319155720408
0.7118618903755868
0.1039567228303675
0.3776927914455559
0.3607408642471386
0.6550802833905991
0.1742927620659619
0.1632864150410951
0.24442644970229144
0.24507261324294705
0.03375980232528153
0.946993910509005
0.3515621197456378
0.43209342851916943
0.37799531291485633
0.8852429819228539
0.18367852344855384
0.7995039673653692
0.7627975401105825
0.702847106905372
0.21514070688150766
0.11809226657735705
0.5547631254149037
0.3303683712847195
0.1523723823060037
0.3667180587842698
0.6375337197175213
0.23828902644330585
0.18857248921186698
0.7390885422202362
0.15639613312891676
0.9843796970129569
0.4277822091777954
0.9699470616485417
0.4990210866349847
0.0697541108688241
0.9578253268641614
0.9086843047263243
0.656413779967897
0.05945089595205688
0.8885586941137525
0.6443570254813631
0.08568861296421604
0.06498542914478833
0.04003368562677012
0.6433269812608405
0.20507019716302088
0.10916586159122044
0.8645833965491546
0.2992084199706816
0.6915607670893257
0.5975689365344239
0.6175145951